156
0 4 0
0 0 0 0
0 0 0 0
0 4 0
-512 32767 -32768 0
4607 25344 6912 -32768
0 4 0
-288 -421 439 -251
-268 -319 -408 419
0 4 0
60 272 -56 465
309 -167 283 -305
0 4 0
-32768 32767 -32768 32767
-2305 -12032 12032 -32768
0 4 0
-422 -192 274 -398
-310 -144 -552 162
0 4 1
0 0 0 0
0 0 0 0
0 4 1
-512 32767 -32768 0
576 3168 864 -4736
0 4 1
-288 -421 439 -251
-34 -40 -51 52
0 4 1
60 272 -56 465
39 -21 35 -38
0 4 1
-32768 32767 -32768 32767
-288 -1504 1504 -7904
0 4 1
-422 -192 274 -398
-39 -18 -69 20
0 8 0
0 0 0 0
0 0 0 0
0 0 0 0
0 0 0 0
0 8 0
-512 32767 -32768 0
1 -1 511 -512
1351 9596 21790 25812
15886 -3209 -29204 -32768
0 8 0
-288 -421 439 -251
-458 -188 -236 -240
-702 375 -348 -496
-687 -35 348 392
0 8 0
60 272 -56 465
419 -291 -78 -479
462 339 -753 317
279 324 -628 -99
0 8 0
-32768 32767 -32768 32767
-32768 32767 -32768 32767
-3842 -8959 1792 -14080
9472 -25856 32767 -32768
0 8 0
-422 -192 274 -398
-240 -241 -396 -25
-729 364 -272 -393
-402 -578 122 200
0 8 1
0 0 0 0
0 0 0 0
0 0 0 0
0 0 0 0
0 8 1
-512 32767 -32768 0
1 -1 511 -512
169 1200 2724 3227
1986 -401 -3650 -5509
0 8 1
-288 -421 439 -251
-458 -188 -236 -240
-88 47 -44 -62
-86 -4 44 49
0 8 1
60 272 -56 465
419 -291 -78 -479
58 42 -94 40
35 41 -79 -12
0 8 1
-32768 32767 -32768 32767
-32768 32767 -32768 32767
-480 -1120 224 -1760
1184 -3232 4128 -15328
0 8 1
-422 -192 274 -398
-240 -241 -396 -25
-91 45 -34 -49
-50 -72 15 25
0 16 0
0 0 0 0
0 0 0 0
0 0 0 0
0 0 0 0
0 0 0 0
0 0 0 0
0 0 0 0
0 0 0 0
0 16 0
-512 32767 -32768 0
1 -1 511 -512
32767 -32768 0 1
-1 511 -512 32767
4142 533 8500 -8391
32767 9551 20188 603
32767 -15322 -15921 -14047
31742 -32768 -32768 -16999
0 16 0
-288 -421 439 -251
-458 -188 -236 -240
-58 36 5 19
-40 85 -433 -431
-1080 -90 -28 726
-708 71 -918 -157
-1021 -429 -260 63
460 169 567 333
0 16 0
60 272 -56 465
419 -291 -78 -479
-374 -256 29 -490
403 -262 214 -389
-109 1204 727 -433
-832 -129 -175 577
-34 574 527 -34
-869 318 -1308 478
0 16 0
-32768 32767 -32768 32767
-32768 32767 -32768 32767
-32768 32767 -32768 32767
-32768 32767 -32768 32767
-4612 -6655 -1025 -9215
1024 -11776 3072 -14848
7168 -20992 15360 -29184
28159 -32768 32767 -32768
0 16 0
-422 -192 274 -398
-240 -241 -396 -25
256 483 142 -222
-153 -288 -446 -199
-830 -281 -691 1458
-367 -754 -433 109
-574 -765 -269 -575
-53 232 250 169
0 16 1
0 0 0 0
0 0 0 0
0 0 0 0
0 0 0 0
0 0 0 0
0 0 0 0
0 0 0 0
0 0 0 0
0 16 1
-512 32767 -32768 0
1 -1 511 -512
32767 -32768 0 1
-1 511 -512 32767
518 67 1062 -1049
6901 1194 2524 75
9596 -1915 -1990 -1756
3968 -8586 -8994 -2125
0 16 1
-288 -421 439 -251
-458 -188 -236 -240
-58 36 5 19
-40 85 -433 -431
-135 -11 -3 91
-88 9 -115 -20
-128 -54 -33 8
58 21 71 42
0 16 1
60 272 -56 465
419 -291 -78 -479
-374 -256 29 -490
403 -262 214 -389
-14 151 91 -54
-104 -16 -22 72
-4 72 66 -4
-109 40 -164 60
0 16 1
-32768 32767 -32768 32767
-32768 32767 -32768 32767
-32768 32767 -32768 32767
-32768 32767 -32768 32767
-576 -832 -128 -1152
128 -1472 384 -1856
896 -2624 1920 -3648
3520 -6336 9088 -30080
0 16 1
-422 -192 274 -398
-240 -241 -396 -25
256 483 142 -222
-153 -288 -446 -199
-104 -35 -86 182
-46 -94 -54 14
-72 -96 -34 -72
-7 29 31 21
0 32 0
0 0 0 0
0 0 0 0
0 0 0 0
0 0 0 0
0 0 0 0
0 0 0 0
0 0 0 0
0 0 0 0
0 0 0 0
0 0 0 0
0 0 0 0
0 0 0 0
0 0 0 0
0 0 0 0
0 0 0 0
0 0 0 0
0 32 0
-512 32767 -32768 0
1 -1 511 -512
32767 -32768 0 1
-1 511 -512 32767
-32768 0 1 -1
511 -512 32767 -32768
0 1 -1 511
-512 32767 -32768 0
3120 2870 3363 821
5363 -715 8063 -9446
26098 32767 -9768 25876
-1380 25792 92 32767
-385 32767 20605 -32768
7964 -29817 10800 -17908
19175 -9720 32767 -32768
-32768 -23020 -29515 -22187
0 32 0
-288 -421 439 -251
-458 -188 -236 -240
-58 36 5 19
-40 85 -433 -431
381 7 93 311
493 -186 17 -254
499 443 403 396
92 -268 -258 498
-712 -2026 767 -366
-176 246 354 1496
-1586 -253 407 -1064
246 -1207 -565 -367
348 -2265 -309 -441
572 -1073 -146 623
609 -87 554 -261
1040 659 -407 783
0 32 0
60 272 -56 465
419 -291 -78 -479
-374 -256 29 -490
403 -262 214 -389
18 188 -152 -292
435 224 -95 -451
26 87 -22 437
283 339 -469 -353
-336 74 1321 897
1272 198 8 -404
-1856 760 -1465 441
-248 129 -377 1772
-501 -519 1153 539
228 663 383 -445
-1030 -659 735 -683
-254 -1589 -479 1230
0 32 0
-32768 32767 -32768 32767
-32768 32767 -32768 32767
-32768 32767 -32768 32767
-32768 32767 -32768 32767
-32768 32767 -32768 32767
-32768 32767 -32768 32767
-32768 32767 -32768 32767
-32768 32767 -32768 32767
-4615 -6142 -2561 -6655
-2049 -6655 -1025 -11263
1024 -11776 1536 -11776
3584 -13312 5120 -16384
7168 -18432 11264 -22016
13824 -25088 17920 -30720
25599 -32768 32767 -32768
32767 -32768 32767 -32768
0 32 0
-422 -192 274 -398
-240 -241 -396 -25
256 483 142 -222
-153 -288 -446 -199
-84 489 284 -447
170 24 423 196
451 -493 -399 108
-387 510 115 420
-854 -945 -15 -215
-1242 -353 1747 395
1716 -2218 -533 136
-1122 -648 595 85
-429 -1327 -149 -451
-1317 446 -448 -911
-62 -294 1407 -1340
1183 258 -225 378
0 32 1
0 0 0 0
0 0 0 0
0 0 0 0
0 0 0 0
0 0 0 0
0 0 0 0
0 0 0 0
0 0 0 0
0 0 0 0
0 0 0 0
0 0 0 0
0 0 0 0
0 0 0 0
0 0 0 0
0 0 0 0
0 0 0 0
0 32 1
-512 32767 -32768 0
1 -1 511 -512
32767 -32768 0 1
-1 511 -512 32767
-32768 0 1 -1
511 -512 32767 -32768
0 1 -1 511
-512 32767 -32768 0
390 359 420 103
670 -89 1008 -1181
3262 11606 -1221 3234
-173 3224 11 4799
-48 15914 2576 -9852
996 -3727 1350 -2239
2397 -1215 8607 -24172
-8694 -2877 -3689 -2773
0 32 1
-288 -421 439 -251
-458 -188 -236 -240
-58 36 5 19
-40 85 -433 -431
381 7 93 311
493 -186 17 -254
499 443 403 396
92 -268 -258 498
-89 -253 96 -46
-22 31 44 187
-198 -32 51 -133
31 -151 -71 -46
44 -283 -39 -55
72 -134 -18 78
76 -11 69 -33
130 82 -51 98
0 32 1
60 272 -56 465
419 -291 -78 -479
-374 -256 29 -490
403 -262 214 -389
18 188 -152 -292
435 224 -95 -451
26 87 -22 437
283 339 -469 -353
-42 9 165 112
159 25 1 -50
-232 95 -183 55
-31 16 -47 221
-63 -65 144 67
29 83 48 -56
-129 -82 92 -85
-32 -199 -60 154
0 32 1
-32768 32767 -32768 32767
-32768 32767 -32768 32767
-32768 32767 -32768 32767
-32768 32767 -32768 32767
-32768 32767 -32768 32767
-32768 32767 -32768 32767
-32768 32767 -32768 32767
-32768 32767 -32768 32767
-577 -768 -320 -832
-256 -832 -128 -1408
128 -1472 192 -1472
448 -1664 640 -2048
896 -2304 1408 -2752
1728 -3136 2240 -3840
3200 -5120 4672 -7040
7872 -12352 18944 -32768
0 32 1
-422 -192 274 -398
-240 -241 -396 -25
256 483 142 -222
-153 -288 -446 -199
-84 489 284 -447
170 24 423 196
451 -493 -399 108
-387 510 115 420
-107 -118 -2 -27
-155 -44 218 49
215 -277 -67 17
-140 -81 74 11
-54 -166 -19 -56
-165 56 -56 -114
-8 -37 176 -167
148 32 -28 47
0 64 0
0 0 0 0
0 0 0 0
0 0 0 0
0 0 0 0
0 0 0 0
0 0 0 0
0 0 0 0
0 0 0 0
0 0 0 0
0 0 0 0
0 0 0 0
0 0 0 0
0 0 0 0
0 0 0 0
0 0 0 0
0 0 0 0
0 0 0 0
0 0 0 0
0 0 0 0
0 0 0 0
0 0 0 0
0 0 0 0
0 0 0 0
0 0 0 0
0 0 0 0
0 0 0 0
0 0 0 0
0 0 0 0
0 0 0 0
0 0 0 0
0 0 0 0
0 0 0 0
0 64 0
-512 32767 -32768 0
1 -1 511 -512
32767 -32768 0 1
-1 511 -512 32767
-32768 0 1 -1
511 -512 32767 -32768
0 1 -1 511
-512 32767 -32768 0
1 -1 511 -512
32767 -32768 0 1
-1 511 -512 32767
-32768 0 1 -1
511 -512 32767 -32768
0 1 -1 511
-512 32767 -32768 0
1 -1 511 -512
3120 3123 2371 5385
327 5909 -172 7681
-940 7880 -2220 9840
-6308 11556 -9376 14368
-20871 24304 32767 4601
15647 11912 7487 16040
3632 19256 2088 24560
792 31896 -244 32767
-528 32767 1952 32767
32767 -32768 -13097 -32768
-11400 -20513 -11232 -7297
-12792 3171 -15160 13919
-16504 27543 -21796 32767
-32688 32767 -32768 -32768
13720 -32768 -4644 -32768
-12015 -32747 -19031 -24215
0 64 0
-288 -421 439 -251
-458 -188 -236 -240
-58 36 5 19
-40 85 -433 -431
381 7 93 311
493 -186 17 -254
499 443 403 396
92 -268 -258 498
5 -298 391 210
96 -488 267 235
-229 -389 -379 474
435 -394 -404 172
449 31 -108 17
-354 -231 -167 485
-192 311 -41 -26
-247 402 244 297
-76 -1440 -2405 -1427
716 371 324 -856
246 -950 1016 253
-449 954 1782 828
-595 -2702 280 -1128
2332 -1070 -1361 393
-568 -731 1021 -2512
-1685 1619 -1375 -1539
2467 -540 -2911 -1183
-1638 975 -1156 -419
1044 175 -777 -1216
-287 -322 1168 345
446 747 293 -683
455 1382 -802 -553
1483 817 1496 -878
1092 -1322 757 1064
0 64 0
60 272 -56 465
419 -291 -78 -479
-374 -256 29 -490
403 -262 214 -389
18 188 -152 -292
435 224 -95 -451
26 87 -22 437
283 339 -469 -353
-393 -207 493 -479
419 282 165 -30
-346 -219 164 387
118 437 -75 202
485 -310 505 -485
423 283 457 275
71 163 369 258
-306 109 -146 -271
254 -1988 1885 -829
1166 1553 1274 850
563 1736 460 776
-2122 1187 1193 -2258
-2724 207 218 -57
-1192 -365 -1240 1276
274 -1414 1171 -289
-770 -9 1798 1765
-435 -433 -1141 337
123 1942 541 524
-517 1058 561 598
-381 1500 -149 -2333
632 -1155 -1548 12
164 1744 -818 -2431
2274 -1721 -1408 -1344
-1225 826 -215 1993
0 64 0
-32768 32767 -32768 32767
-32768 32767 -32768 32767
-32768 32767 -32768 32767
-32768 32767 -32768 32767
-32768 32767 -32768 32767
-32768 32767 -32768 32767
-32768 32767 -32768 32767
-32768 32767 -32768 32767
-32768 32767 -32768 32767
-32768 32767 -32768 32767
-32768 32767 -32768 32767
-32768 32767 -32768 32767
-32768 32767 -32768 32767
-32768 32767 -32768 32767
-32768 32767 -32768 32767
-32768 32767 -32768 32767
-4878 -6907 -4355 -4862
-2818 -6399 -4865 -6911
-1793 -6911 -1793 -7935
-1793 -8959 -1281 -8960
-1280 -10496 768 -9984
1792 -12544 768 -13056
1792 -13056 5376 -14080
4864 -14080 5376 -16640
7424 -17664 8960 -18176
9984 -18688 11008 -24320
15104 -24320 15616 -25344
17152 -27392 20736 -31488
23296 -32768 31487 -32768
32767 -32768 32767 -32768
32767 -32768 32767 -32768
32767 -32768 32767 -32768
0 64 0
-422 -192 274 -398
-240 -241 -396 -25
256 483 142 -222
-153 -288 -446 -199
-84 489 284 -447
170 24 423 196
451 -493 -399 108
-387 510 115 420
-138 -308 -73 8
343 -350 -296 310
-354 -475 48 502
228 -428 -123 330
-373 -307 -314 329
341 -480 199 358
-281 -502 165 -509
-67 325 147 241
-1128 -181 -1616 -670
-151 332 -414 -384
-798 -1321 -1415 627
2347 -101 2328 -637
2036 1330 -964 -3548
-797 295 397 -604
-750 -1214 -776 -106
-756 2063 474 -2485
2385 -1228 -2868 835
-1630 521 -709 249
-2286 -1101 990 -365
852 -2048 406 -1804
54 560 -1085 -261
2331 463 -769 -1394
335 2200 133 343
-980 312 460 181
0 64 1
0 0 0 0
0 0 0 0
0 0 0 0
0 0 0 0
0 0 0 0
0 0 0 0
0 0 0 0
0 0 0 0
0 0 0 0
0 0 0 0
0 0 0 0
0 0 0 0
0 0 0 0
0 0 0 0
0 0 0 0
0 0 0 0
0 0 0 0
0 0 0 0
0 0 0 0
0 0 0 0
0 0 0 0
0 0 0 0
0 0 0 0
0 0 0 0
0 0 0 0
0 0 0 0
0 0 0 0
0 0 0 0
0 0 0 0
0 0 0 0
0 0 0 0
0 0 0 0
0 64 1
-512 32767 -32768 0
1 -1 511 -512
32767 -32768 0 1
-1 511 -512 32767
-32768 0 1 -1
511 -512 32767 -32768
0 1 -1 511
-512 32767 -32768 0
1 -1 511 -512
32767 -32768 0 1
-1 511 -512 32767
-32768 0 1 -1
511 -512 32767 -32768
0 1 -1 511
-512 32767 -32768 0
1 -1 511 -512
390 390 296 673
41 739 -22 960
-118 985 -278 1230
-788 1445 -1172 1796
-2609 3038 22240 575
1956 1489 936 2005
454 2407 261 3070
99 3987 -31 5190
-66 8202 244 21764
20741 -22055 -1637 -5765
-1425 -2564 -1404 -912
-1599 396 -1895 1740
-2063 3443 -2724 6590
-4086 18620 -18651 -32768
1715 -10658 -580 -6154
-1502 -4093 -2379 -3027
0 64 1
-288 -421 439 -251
-458 -188 -236 -240
-58 36 5 19
-40 85 -433 -431
381 7 93 311
493 -186 17 -254
499 443 403 396
92 -268 -258 498
5 -298 391 210
96 -488 267 235
-229 -389 -379 474
435 -394 -404 172
449 31 -108 17
-354 -231 -167 485
-192 311 -41 -26
-247 402 244 297
-10 -180 -301 -178
89 46 40 -107
31 -119 127 32
-56 119 223 103
-74 -338 35 -141
291 -134 -170 49
-71 -91 128 -314
-211 202 -172 -192
308 -68 -364 -148
-205 122 -144 -52
130 22 -97 -152
-36 -40 146 43
56 93 37 -85
57 173 -100 -69
185 102 187 -110
137 -165 95 133
0 64 1
60 272 -56 465
419 -291 -78 -479
-374 -256 29 -490
403 -262 214 -389
18 188 -152 -292
435 224 -95 -451
26 87 -22 437
283 339 -469 -353
-393 -207 493 -479
419 282 165 -30
-346 -219 164 387
118 437 -75 202
485 -310 505 -485
423 283 457 275
71 163 369 258
-306 109 -146 -271
32 -249 236 -104
146 194 159 106
70 217 57 97
-265 148 149 -282
-341 26 27 -7
-149 -46 -155 160
34 -177 146 -36
-96 -1 225 221
-54 -54 -143 42
15 243 68 66
-65 132 70 75
-48 187 -19 -292
79 -144 -193 2
20 218 -102 -304
284 -215 -176 -168
-153 103 -27 249
0 64 1
-32768 32767 -32768 32767
-32768 32767 -32768 32767
-32768 32767 -32768 32767
-32768 32767 -32768 32767
-32768 32767 -32768 32767
-32768 32767 -32768 32767
-32768 32767 -32768 32767
-32768 32767 -32768 32767
-32768 32767 -32768 32767
-32768 32767 -32768 32767
-32768 32767 -32768 32767
-32768 32767 -32768 32767
-32768 32767 -32768 32767
-32768 32767 -32768 32767
-32768 32767 -32768 32767
-32768 32767 -32768 32767
-610 -863 -544 -608
-352 -800 -608 -864
-224 -864 -224 -992
-224 -1120 -160 -1120
-160 -1312 96 -1248
224 -1568 96 -1632
224 -1632 672 -1760
608 -1760 672 -2080
928 -2208 1120 -2272
1248 -2336 1376 -3040
1888 -3040 1952 -3168
2144 -3424 2592 -3936
2912 -4448 3936 -5280
4448 -6048 5344 -7456
7264 -9632 10144 -13728
16352 -24160 32767 -32768
0 64 1
-422 -192 274 -398
-240 -241 -396 -25
256 483 142 -222
-153 -288 -446 -199
-84 489 284 -447
170 24 423 196
451 -493 -399 108
-387 510 115 420
-138 -308 -73 8
343 -350 -296 310
-354 -475 48 502
228 -428 -123 330
-373 -307 -314 329
341 -480 199 358
-281 -502 165 -509
-67 325 147 241
-141 -23 -202 -84
-19 41 -52 -48
-100 -165 -177 78
293 -13 291 -80
254 166 -121 -444
-100 37 50 -75
-94 -152 -97 -13
-95 258 59 -311
298 -154 -358 104
-204 65 -89 31
-286 -138 124 -46
107 -256 51 -226
7 70 -136 -33
291 58 -96 -174
42 275 17 43
-123 39 58 23
1 4 0
0 0 0 0
0 0 0 0
1 4 0
-512 32767 -32768 0
-2677 26147 18648 -32768
1 4 0
-288 -421 439 -251
-128 -302 -565 300
1 4 0
60 272 -56 465
334 -109 336 -247
1 4 0
-32768 32767 -32768 32767
4095 -9216 18943 -32768
1 4 0
-422 -192 274 -398
-198 -93 -632 42
1 4 1
0 0 0 0
0 0 0 0
1 4 1
-512 32767 -32768 0
-335 3268 2331 -4170
1 4 1
-288 -421 439 -251
-16 -38 -71 37
1 4 1
60 272 -56 465
42 -14 42 -31
1 4 1
-32768 32767 -32768 32767
512 -1152 2368 -7744
1 4 1
-422 -192 274 -398
-25 -12 -79 5
1 8 0
0 0 0 0
0 0 0 0
0 0 0 0
0 0 0 0
1 8 0
-512 32767 -32768 0
1 -1 511 -512
-6357 -2024 13610 29987
29401 11319 -20548 -32768
1 8 0
-288 -421 439 -251
-458 -188 -236 -240
-706 309 -107 -420
-859 -306 187 319
1 8 0
60 272 -56 465
419 -291 -78 -479
331 693 -602 159
302 475 -531 -87
1 8 0
-32768 32767 -32768 32767
-32768 32767 -32768 32767
1790 -5376 5887 -9472
14591 -23296 32767 -32768
1 8 0
-422 -192 274 -398
-240 -241 -396 -25
-737 260 -69 -311
-427 -730 -50 110
1 8 1
0 0 0 0
0 0 0 0
0 0 0 0
0 0 0 0
1 8 1
-512 32767 -32768 0
1 -1 511 -512
-795 -253 1701 3748
3675 1415 -2569 -5234
1 8 1
-288 -421 439 -251
-458 -188 -236 -240
-88 39 -13 -53
-107 -38 23 40
1 8 1
60 272 -56 465
419 -291 -78 -479
41 87 -75 20
38 59 -66 -11
1 8 1
-32768 32767 -32768 32767
-32768 32767 -32768 32767
224 -672 736 -1184
1824 -2912 4832 -15200
1 8 1
-422 -192 274 -398
-240 -241 -396 -25
-92 32 -9 -39
-53 -91 -6 14
1 16 0
0 0 0 0
0 0 0 0
0 0 0 0
0 0 0 0
0 0 0 0
0 0 0 0
0 0 0 0
0 0 0 0
1 16 0
-512 32767 -32768 0
1 -1 511 -512
32767 -32768 0 1
-1 511 -512 32767
782 -6680 2108 -31438
32767 11750 23339 -4054
32767 12062 307 -5876
32767 -32768 -32768 -16851
1 16 0
-288 -421 439 -251
-458 -188 -236 -240
-58 36 5 19
-40 85 -433 -431
-907 -421 -443 814
-388 318 -725 -96
-1062 -713 -595 -253
245 19 474 268
1 16 0
60 272 -56 465
419 -291 -78 -479
-374 -256 29 -490
403 -262 214 -389
-686 679 1217 391
-521 -205 -392 430
-82 531 723 245
-744 390 -1288 458
1 16 0
-32768 32767 -32768 32767
-32768 32767 -32768 32767
-32768 32767 -32768 32767
-32768 32767 -32768 32767
1276 -2304 3071 -5376
5887 -7168 9471 -11008
13311 -17152 19711 -25088
32511 -32768 32767 -32768
1 16 0
-422 -192 274 -398
-240 -241 -396 -25
256 483 142 -222
-153 -288 -446 -199
-558 -267 -1313 1175
228 -454 -480 164
-427 -818 -425 -775
-289 56 139 82
1 16 1
0 0 0 0
0 0 0 0
0 0 0 0
0 0 0 0
0 0 0 0
0 0 0 0
0 0 0 0
0 0 0 0
1 16 1
-512 32767 -32768 0
1 -1 511 -512
32767 -32768 0 1
-1 511 -512 32767
98 -835 263 -3930
4808 1469 2917 -507
10954 1508 38 -734
5669 -7024 -8758 -2106
1 16 1
-288 -421 439 -251
-458 -188 -236 -240
-58 36 5 19
-40 85 -433 -431
-113 -53 -55 102
-48 40 -91 -12
-133 -89 -74 -32
31 2 59 33
1 16 1
60 272 -56 465
419 -291 -78 -479
-374 -256 29 -490
403 -262 214 -389
-86 85 152 49
-65 -26 -49 54
-10 66 90 31
-93 49 -161 57
1 16 1
-32768 32767 -32768 32767
-32768 32767 -32768 32767
-32768 32767 -32768 32767
-32768 32767 -32768 32767
160 -288 384 -672
736 -896 1184 -1376
1664 -2144 2464 -3136
4064 -5984 9920 -29920
1 16 1
-422 -192 274 -398
-240 -241 -396 -25
256 483 142 -222
-153 -288 -446 -199
-70 -33 -164 147
28 -57 -60 20
-53 -102 -53 -97
-36 7 17 10
1 32 0
0 0 0 0
0 0 0 0
0 0 0 0
0 0 0 0
0 0 0 0
0 0 0 0
0 0 0 0
0 0 0 0
0 0 0 0
0 0 0 0
0 0 0 0
0 0 0 0
0 0 0 0
0 0 0 0
0 0 0 0
0 0 0 0
1 32 0
-512 32767 -32768 0
1 -1 511 -512
32767 -32768 0 1
-1 511 -512 32767
-32768 0 1 -1
511 -512 32767 -32768
0 1 -1 511
-512 32767 -32768 0
248 -1780 -1049 -3804
-1065 -9151 -2409 -32768
-20911 32767 2583 29971
211 26919 -2309 32767
-12034 32767 32767 -32768
21380 -16856 20736 -8968
29167 340 32767 -32768
-32768 -24192 -28859 -22539
1 32 0
-288 -421 439 -251
-458 -188 -236 -240
-58 36 5 19
-40 85 -433 -431
381 7 93 311
493 -186 17 -254
499 443 403 396
92 -268 -258 498
300 -2115 27 -503
-614 -289 -225 1978
-803 -332 719 -761
536 -867 -621 -518
634 -2176 -771 -899
313 -1290 -637 224
413 -252 397 -415
918 613 -470 728
1 32 0
60 272 -56 465
419 -291 -78 -479
-374 -256 29 -490
403 -262 214 -389
18 188 -152 -292
435 224 -95 -451
26 87 -22 437
283 339 -469 -353
-562 -950 301 398
1439 967 952 830
-1471 905 -1344 146
-368 -46 -864 1622
-192 -752 906 647
346 835 752 -70
-841 -682 779 -557
-186 -1588 -505 1221
1 32 0
-32768 32767 -32768 32767
-32768 32767 -32768 32767
-32768 32767 -32768 32767
-32768 32767 -32768 32767
-32768 32767 -32768 32767
-32768 32767 -32768 32767
-32768 32767 -32768 32767
-32768 32767 -32768 32767
505 -1024 2558 -2048
3071 -4608 4095 -5632
5631 -6144 5119 -7680
8191 -9728 10239 -10752
13311 -14336 14335 -16896
18943 -19968 23551 -26624
30207 -32768 32767 -32768
32767 -32768 32767 -32768
1 32 0
-422 -192 274 -398
-240 -241 -396 -25
256 483 142 -222
-153 -288 -446 -199
-84 489 284 -447
170 24 423 196
451 -493 -399 108
-387 510 115 420
-224 -914 -199 98
-1316 -1645 760 118
2605 -1079 -495 407
-853 -943 369 314
-31 -1236 -257 -398
-1544 178 -516 -1140
-365 -611 1272 -1459
1016 187 -321 282
1 32 1
0 0 0 0
0 0 0 0
0 0 0 0
0 0 0 0
0 0 0 0
0 0 0 0
0 0 0 0
0 0 0 0
0 0 0 0
0 0 0 0
0 0 0 0
0 0 0 0
0 0 0 0
0 0 0 0
0 0 0 0
0 0 0 0
1 32 1
-512 32767 -32768 0
1 -1 511 -512
32767 -32768 0 1
-1 511 -512 32767
-32768 0 1 -1
511 -512 32767 -32768
0 1 -1 511
-512 32767 -32768 0
31 -222 -131 -475
-133 -1144 -301 -4132
-2614 10071 323 3746
26 3365 -289 4535
-1504 16880 9042 -5942
2673 -2107 2592 -1121
3646 42 11667 -22077
-9016 -3024 -3607 -2817
1 32 1
-288 -421 439 -251
-458 -188 -236 -240
-58 36 5 19
-40 85 -433 -431
381 7 93 311
493 -186 17 -254
499 443 403 396
92 -268 -258 498
38 -264 3 -63
-77 -36 -28 247
-100 -41 90 -95
67 -108 -78 -65
79 -272 -96 -112
39 -161 -80 28
52 -31 50 -52
115 77 -59 91
1 32 1
60 272 -56 465
419 -291 -78 -479
-374 -256 29 -490
403 -262 214 -389
18 188 -152 -292
435 224 -95 -451
26 87 -22 437
283 339 -469 -353
-70 -119 38 50
180 121 119 104
-184 113 -168 18
-46 -6 -108 203
-24 -94 113 81
43 104 94 -9
-105 -85 97 -70
-23 -199 -63 153
1 32 1
-32768 32767 -32768 32767
-32768 32767 -32768 32767
-32768 32767 -32768 32767
-32768 32767 -32768 32767
-32768 32767 -32768 32767
-32768 32767 -32768 32767
-32768 32767 -32768 32767
-32768 32767 -32768 32767
63 -128 320 -256
384 -576 512 -704
704 -768 640 -960
1024 -1216 1280 -1344
1664 -1792 1792 -2112
2368 -2496 2944 -3328
3776 -4416 5376 -6400
8448 -11840 19776 -32768
1 32 1
-422 -192 274 -398
-240 -241 -396 -25
256 483 142 -222
-153 -288 -446 -199
-84 489 284 -447
170 24 423 196
451 -493 -399 108
-387 510 115 420
-28 -114 -25 12
-164 -206 95 15
326 -135 -62 51
-107 -118 46 39
-4 -155 -32 -50
-193 22 -64 -142
-46 -76 159 -182
127 23 -40 35
2 4 0
0 0 0 0
0 0 0 0
2 4 0
-512 32767 -32768 0
4527 18648 -11739 -32768
2 4 0
-288 -421 439 -251
-301 -275 -145 574
2 4 0
60 272 -56 465
278 -202 186 -380
2 4 0
-32768 32767 -32768 32767
-9217 -18943 -4096 -32768
2 4 0
-422 -192 274 -398
-360 -172 -394 366
2 4 1
0 0 0 0
0 0 0 0
2 4 1
-512 32767 -32768 0
566 2331 -1467 -5070
2 4 1
-288 -421 439 -251
-38 -34 -18 72
2 4 1
60 272 -56 465
35 -25 23 -48
2 4 1
-32768 32767 -32768 32767
-1152 -2368 -512 -7744
2 4 1
-422 -192 274 -398
-45 -22 -49 46
2 8 0
0 0 0 0
0 0 0 0
0 0 0 0
0 0 0 0
2 8 0
-512 32767 -32768 0
1 -1 511 -512
1507 10540 19455 13697
-7050 -29797 -32768 -29651
2 8 0
-288 -421 439 -251
-458 -188 -236 -240
-718 343 -441 -439
-332 466 569 279
2 8 0
60 272 -56 465
419 -291 -78 -479
453 226 -754 406
167 -25 -744 112
2 8 0
-32768 32767 -32768 32767
-32768 32767 -32768 32767
-9474 -14591 -5888 -23295
-5376 -32768 -1792 -32768
2 8 0
-422 -192 274 -398
-240 -241 -396 -25
-766 311 -395 -418
-296 -218 489 235
2 8 1
0 0 0 0
0 0 0 0
0 0 0 0
0 0 0 0
2 8 1
-512 32767 -32768 0
1 -1 511 -512
188 1318 2432 1712
-881 -3725 -5305 -3706
2 8 1
-288 -421 439 -251
-458 -188 -236 -240
-90 43 -55 -55
-41 58 71 35
2 8 1
60 272 -56 465
419 -291 -78 -479
57 28 -94 51
21 -3 -93 14
2 8 1
-32768 32767 -32768 32767
-32768 32767 -32768 32767
-1184 -1824 -736 -2912
-672 -4832 -224 -15200
2 8 1
-422 -192 274 -398
-240 -241 -396 -25
-96 39 -49 -52
-37 -27 61 29
2 16 0
0 0 0 0
0 0 0 0
0 0 0 0
0 0 0 0
0 0 0 0
0 0 0 0
0 0 0 0
0 0 0 0
2 16 0
-512 32767 -32768 0
1 -1 511 -512
32767 -32768 0 1
-1 511 -512 32767
3794 -83 9156 -4131
32767 308 11357 -5732
32767 -32768 -32768 -26727
-3633 -32768 -32768 24143
2 16 0
-288 -421 439 -251
-458 -188 -236 -240
-58 36 5 19
-40 85 -433 -431
-1104 -60 -11 622
-835 -21 -919 -44
-744 170 342 619
713 255 489 10
2 16 0
60 272 -56 465
419 -291 -78 -479
-374 -256 29 -490
403 -262 214 -389
-86 1192 567 -644
-836 0 -13 615
-85 429 50 -608
-896 304 -963 1023
2 16 0
-32768 32767 -32768 32767
-32768 32767 -32768 32767
-32768 32767 -32768 32767
-32768 32767 -32768 32767
-11011 -13311 -9473 -17151
-7168 -19711 -5888 -25087
-5376 -32511 -3072 -32768
-2304 -32768 -1280 -32768
2 16 0
-422 -192 274 -398
-240 -241 -396 -25
256 483 142 -222
-153 -288 -446 -199
-888 -306 -640 1373
-672 -845 -346 79
-649 -494 105 -92
499 508 257 49
2 16 1
0 0 0 0
0 0 0 0
0 0 0 0
0 0 0 0
0 0 0 0
0 0 0 0
0 0 0 0
0 0 0 0
2 16 1
-512 32767 -32768 0
1 -1 511 -512
32767 -32768 0 1
-1 511 -512 32767
474 -10 1144 -516
6777 39 1420 -716
6045 -7302 -4568 -3341
-454 -11681 -4249 3018
2 16 1
-288 -421 439 -251
-458 -188 -236 -240
-58 36 5 19
-40 85 -433 -431
-138 -8 -1 78
-104 -3 -115 -5
-93 21 43 77
89 32 61 1
2 16 1
60 272 -56 465
419 -291 -78 -479
-374 -256 29 -490
403 -262 214 -389
-11 149 71 -80
-104 0 -2 77
-11 54 6 -76
-112 38 -120 128
2 16 1
-32768 32767 -32768 32767
-32768 32767 -32768 32767
-32768 32767 -32768 32767
-32768 32767 -32768 32767
-1376 -1664 -1184 -2144
-896 -2464 -736 -3136
-672 -4064 -384 -5984
-288 -9920 -160 -29920
2 16 1
-422 -192 274 -398
-240 -241 -396 -25
256 483 142 -222
-153 -288 -446 -199
-111 -38 -80 172
-84 -106 -43 10
-81 -62 13 -12
62 63 32 6
2 32 0
0 0 0 0
0 0 0 0
0 0 0 0
0 0 0 0
0 0 0 0
0 0 0 0
0 0 0 0
0 0 0 0
0 0 0 0
0 0 0 0
0 0 0 0
0 0 0 0
0 0 0 0
0 0 0 0
0 0 0 0
0 0 0 0
2 32 0
-512 32767 -32768 0
1 -1 511 -512
32767 -32768 0 1
-1 511 -512 32767
-32768 0 1 -1
511 -512 32767 -32768
0 1 -1 511
-512 32767 -32768 0
3272 2518 4271 1997
5771 961 10243 -3703
32767 32767 -24878 17316
-10723 18477 -6992 28745
-6560 32767 -32768 -32768
-2308 -32768 -4712 -32768
-5160 -32768 -11985 -32768
19805 30535 3148 5964
2 32 0
-288 -421 439 -251
-458 -188 -236 -240
-58 36 5 19
-40 85 -433 -431
381 7 93 311
493 -186 17 -254
499 443 403 396
92 -268 -258 498
-764 -2017 792 -357
-115 282 360 1190
-1854 -180 265 -1165
188 -1237 -303 -134
232 -1907 639 308
958 -555 837 1183
657 45 662 -35
1089 20 -535 756
2 32 0
60 272 -56 465
419 -291 -78 -479
-374 -256 29 -490
403 -262 214 -389
18 188 -152 -292
435 224 -95 -451
26 87 -22 437
283 339 -469 -353
-323 128 1362 866
1119 -77 -254 -697
-1808 830 -1370 708
-135 279 -64 1664
-885 -249 1199 82
-171 90 -481 -1144
-1046 -154 663 -976
-191 -827 979 1504
2 32 0
-32768 32767 -32768 32767
-32768 32767 -32768 32767
-32768 32767 -32768 32767
-32768 32767 -32768 32767
-32768 32767 -32768 32767
-32768 32767 -32768 32767
-32768 32767 -32768 32767
-32768 32767 -32768 32767
-10759 -13309 -10241 -14335
-9729 -14335 -8192 -16895
-7680 -18943 -5120 -19967
-6144 -23551 -5632 -26623
-5632 -30207 -4096 -32768
-4608 -32768 -3072 -32768
-2048 -32768 -2560 -32768
-1024 -32768 -512 -32768
2 32 0
-422 -192 274 -398
-240 -241 -396 -25
256 483 142 -222
-153 -288 -446 -199
-84 489 284 -447
170 24 423 196
451 -493 -399 108
-387 510 115 420
-929 -999 -46 -274
-1208 -124 1784 211
1162 -2634 -406 36
-1154 -320 685 -213
-715 -1166 179 -319
-729 966 -311 -265
717 438 1374 -1150
1580 -222 -258 370
2 32 1
0 0 0 0
0 0 0 0
0 0 0 0
0 0 0 0
0 0 0 0
0 0 0 0
0 0 0 0
0 0 0 0
0 0 0 0
0 0 0 0
0 0 0 0
0 0 0 0
0 0 0 0
0 0 0 0
0 0 0 0
0 0 0 0
2 32 1
-512 32767 -32768 0
1 -1 511 -512
32767 -32768 0 1
-1 511 -512 32767
-32768 0 1 -1
511 -512 32767 -32768
0 1 -1 511
-512 32767 -32768 0
409 315 534 250
721 120 1280 -463
4451 10574 -3110 2165
-1340 2310 -874 3593
-820 10860 -7485 -14076
-289 -5557 -589 -4504
-645 -5620 -1498 -26313
2476 3817 394 745
2 32 1
-288 -421 439 -251
-458 -188 -236 -240
-58 36 5 19
-40 85 -433 -431
381 7 93 311
493 -186 17 -254
499 443 403 396
92 -268 -258 498
-95 -252 99 -45
-14 35 45 149
-232 -23 33 -146
24 -155 -38 -17
29 -238 80 39
120 -69 105 148
82 6 83 -4
136 3 -67 95
2 32 1
60 272 -56 465
419 -291 -78 -479
-374 -256 29 -490
403 -262 214 -389
18 188 -152 -292
435 224 -95 -451
26 87 -22 437
283 339 -469 -353
-40 16 170 108
140 -10 -32 -87
-226 104 -171 88
-17 35 -8 208
-111 -31 150 10
-21 11 -60 -143
-131 -19 83 -122
-24 -103 122 188
2 32 1
-32768 32767 -32768 32767
-32768 32767 -32768 32767
-32768 32767 -32768 32767
-32768 32767 -32768 32767
-32768 32767 -32768 32767
-32768 32767 -32768 32767
-32768 32767 -32768 32767
-32768 32767 -32768 32767
-1345 -1664 -1280 -1792
-1216 -1792 -1024 -2112
-960 -2368 -640 -2496
-768 -2944 -704 -3328
-704 -3776 -512 -4416
-576 -5376 -384 -6400
-256 -8448 -320 -11840
-128 -19776 -64 -32768
2 32 1
-422 -192 274 -398
-240 -241 -396 -25
256 483 142 -222
-153 -288 -446 -199
-84 489 284 -447
170 24 423 196
451 -493 -399 108
-387 510 115 420
-116 -125 -6 -34
-151 -16 223 26
145 -329 -51 5
-144 -40 86 -27
-89 -146 22 -40
-91 121 -39 -33
90 55 172 -144
198 -28 -32 46
